STATIC 1
[array([[ 0.,  0.,  1.],
       [ 0.,  1.,  0.],
       [ 1.,  0.,  0.],
       [ 0.,  1.,  1.],
       [ 0.,  0.,  1.],
       [ 0.,  1.,  1.],
       [ 0.,  0.,  0.]])]
F: 27/33, P: 2/24
Fitness:  0.734848484848


STATIC 5
[array([[ 1.,  0.,  1.],
       [ 0.,  1.,  0.],
       [ 1.,  0.,  0.],
       [ 1.,  1.,  0.],
       [ 1.,  0.,  1.],
       [ 0.,  0.,  0.],
       [ 0.,  1.,  1.]])]
F: 29/37, P: 2/24
Fitness:  0.70045045045


DYNAMIC 1
[array([[ 0.,  0.,  1.],
       [ 0.,  1.,  0.],
       [ 1.,  0.,  0.],
       [ 1.,  1.,  0.],
       [ 1.,  0.,  0.],
       [ 0.,  0.,  1.],
       [ 0.,  1.,  1.]])]
F: 21/25, P: 1/19
Fitness:  0.787368421053


DYNAMIC 5
[array([[ 1.,  0.,  1.],
       [ 1.,  1.,  1.],
       [ 1.,  0.,  0.],
       [ 1.,  1.,  0.],
       [ 1.,  0.,  1.],
       [ 1.,  1.,  1.],
       [ 0.,  1.,  1.]])]
F: 24/28, P: 3/32
Fitness:  0.763392857143
